#rp_min[Mpc/h], rp_max[Mpc/h], rp_mid[Mpc/h] 
         0.1     0.158489     0.125893 
    0.158489     0.251189     0.199526 
    0.251189     0.398107     0.316228 
    0.398107     0.630957     0.501187 
    0.630957            1     0.794328 
           1      1.58489      1.25893 
     1.58489      2.51189      1.99526 
     2.51189      3.98107      3.16228 
     3.98107      6.30957      5.01187 
     6.30957           10      7.94328 
          10      15.8489      12.5893 
     15.8489      25.1189      19.9526 
     25.1189      39.8107      31.6228 
     39.8107      63.0957      50.1187 
     63.0957          100      79.4328 
