#rp_min[Mpc/h], rp_max[Mpc/h], rp_mid[Mpc/h] 
         0.1     0.125893     0.112202 
    0.125893     0.158489     0.141254 
    0.158489     0.199526     0.177828 
    0.199526     0.251189     0.223872 
    0.251189     0.316228     0.281838 
    0.316228     0.398107     0.354813 
    0.398107     0.501187     0.446684 
    0.501187     0.630957     0.562341 
    0.630957     0.794328     0.707946 
    0.794328            1     0.891251 
           1      1.25893      1.12202 
     1.25893      1.58489      1.41254 
     1.58489      1.99526      1.77828 
     1.99526      2.51189      2.23872 
     2.51189      3.16228      2.81838 
     3.16228      3.98107      3.54813 
     3.98107      5.01187      4.46684 
     5.01187      6.30957      5.62341 
     6.30957      7.94328      7.07946 
     7.94328           10      8.91251 
          10      12.5893      11.2202 
     12.5893      15.8489      14.1254 
     15.8489      19.9526      17.7828 
     19.9526      25.1189      22.3872 
     25.1189      31.6228      28.1838 
     31.6228      39.8107      35.4813 
     39.8107      50.1187      44.6684 
     50.1187      63.0957      56.2341 
     63.0957      79.4328      70.7946 
     79.4328          100      89.1251 
