6.218499242106993188e+04 4.743612302372671934e+02 4.203601340163763211e+02 2.797791310291391369e+02 2.021760031614907973e+02 1.331595863832050668e+02 8.813388918634755953e+01 3.584238460687679861e+01 1.863959809205271867e+01 1.113966532390402620e+01 4.096912111252001942e+00 -5.698638576849855697e-02 1.257478345178651979e-01 5.262325269311136644e-01 2.797394380261291474e-02
4.743612302372671934e+02 2.092103904379797677e+04 3.794922848543484406e+02 3.343797843267257690e+02 2.184198397362536923e+02 1.267715730776087639e+02 8.591699989751413113e+01 4.305984964394478709e+01 1.725972756145531406e+01 7.469592462092004226e+00 4.510334344435896092e+00 1.902554896195881140e+00 7.243430962951491470e-01 1.467621136546605476e-01 -4.180095913395347196e-03
4.203601340163763211e+02 3.794922848543484406e+02 4.075997532423342363e+03 2.762546526495469834e+02 2.045546001928787518e+02 1.244151878970289431e+02 7.174868284808317753e+01 3.855279442002098733e+01 1.778502093859681210e+01 8.256769177747948163e+00 3.139677768445618522e+00 1.517515027582013509e+00 7.966724448909399126e-01 3.440210117995464723e-01 7.600014950843712869e-02
2.797791310291391369e+02 3.343797843267257690e+02 2.762546526495469834e+02 1.560855452703471883e+03 1.788663148818212392e+02 1.134700560213715335e+02 6.194289362410168565e+01 3.256931539232229511e+01 1.589842399360136760e+01 7.492061646116305873e+00 2.840759266508419589e+00 1.013984536953949078e+00 3.885611662757061935e-01 2.223455514290067214e-01 6.792439604957410670e-02
2.021760031614907973e+02 2.184198397362536923e+02 2.045546001928787518e+02 1.788663148818212392e+02 7.320448340413321375e+02 9.368867114920789163e+01 5.198680743906240309e+01 2.783761028436454410e+01 1.357499671040525513e+01 5.657992786963202292e+00 2.112904976260295165e+00 8.444186312598349620e-01 4.092646934729036734e-01 1.169258428188678645e-01 6.141434220259388982e-02
1.331595863832050668e+02 1.267715730776087639e+02 1.244151878970289431e+02 1.134700560213715335e+02 9.368867114920789163e+01 3.049458594707442103e+02 3.898685959598190465e+01 2.156149997483448999e+01 1.027971581367236276e+01 4.309778510303726051e+00 1.861266327851364588e+00 7.142346070140572767e-01 4.175252159020159670e-01 1.264335636634094928e-01 8.498981327538220054e-02
8.813388918634755953e+01 8.591699989751413113e+01 7.174868284808317753e+01 6.194289362410168565e+01 5.198680743906240309e+01 3.898685959598190465e+01 1.215210100791882581e+02 1.389191472935842953e+01 6.755418546261365620e+00 2.983725186361870119e+00 1.344454255883892335e+00 4.649917621652049360e-01 2.242198347478634168e-01 1.169142658240640426e-01 3.536502035994382176e-02
3.584238460687679861e+01 4.305984964394478709e+01 3.855279442002098733e+01 3.256931539232229511e+01 2.783761028436454410e+01 2.156149997483448999e+01 1.389191472935842953e+01 5.335734766931939532e+01 4.349642963611458413e+00 1.991670352832297652e+00 8.088176998948317653e-01 3.585363860339899067e-01 1.464401937986575530e-01 8.867751905138365753e-02 2.920388181694759042e-02
1.863959809205271867e+01 1.725972756145531406e+01 1.778502093859681210e+01 1.589842399360136760e+01 1.357499671040525513e+01 1.027971581367236276e+01 6.755418546261365620e+00 4.349642963611458413e+00 2.163401663908183892e+01 1.251326104236390346e+00 5.474305392232828860e-01 1.918607562327112048e-01 1.056847542961130981e-01 4.291670979529381424e-02 1.886040144991479178e-02
1.113966532390402620e+01 7.469592462092004226e+00 8.256769177747948163e+00 7.492061646116305873e+00 5.657992786963202292e+00 4.309778510303726051e+00 2.983725186361870119e+00 1.991670352832297652e+00 1.251326104236390346e+00 8.933227201958640507e+00 4.174538074575552260e-01 1.383226508028192747e-01 7.469779753797259336e-02 3.142479203422242351e-02 8.511619189383130488e-03
4.096912111252001942e+00 4.510334344435896092e+00 3.139677768445618522e+00 2.840759266508419589e+00 2.112904976260295165e+00 1.861266327851364588e+00 1.344454255883892335e+00 8.088176998948317653e-01 5.474305392232828860e-01 4.174538074575552260e-01 3.651528134840276607e+00 1.712532352442823202e-01 5.060836985431915735e-02 1.653344656971073370e-02 7.807464524981898302e-03
-5.698638576849855697e-02 1.902554896195881140e+00 1.517515027582013509e+00 1.013984536953949078e+00 8.444186312598349620e-01 7.142346070140572767e-01 4.649917621652049360e-01 3.585363860339899067e-01 1.918607562327112048e-01 1.383226508028192747e-01 1.712532352442823202e-01 1.575377992095075452e+00 8.436339742159959521e-02 2.072946872383694614e-02 1.017652540297156287e-02
1.257478345178651979e-01 7.243430962951491470e-01 7.966724448909399126e-01 3.885611662757061935e-01 4.092646934729036734e-01 4.175252159020159670e-01 2.242198347478634168e-01 1.464401937986575530e-01 1.056847542961130981e-01 7.469779753797259336e-02 5.060836985431915735e-02 8.436339742159959521e-02 6.972274775849138795e-01 5.344266647586589508e-02 1.658634492023673690e-02
5.262325269311136644e-01 1.467621136546605476e-01 3.440210117995464723e-01 2.223455514290067214e-01 1.169258428188678645e-01 1.264335636634094928e-01 1.169142658240640426e-01 8.867751905138365753e-02 4.291670979529381424e-02 3.142479203422242351e-02 1.653344656971073370e-02 2.072946872383694614e-02 5.344266647586589508e-02 3.356225120189814115e-01 3.745856051868318853e-02
2.797394380261291474e-02 -4.180095913395347196e-03 7.600014950843712869e-02 6.792439604957410670e-02 6.141434220259388982e-02 8.498981327538220054e-02 3.536502035994382176e-02 2.920388181694759042e-02 1.886040144991479178e-02 8.511619189383130488e-03 7.807464524981898302e-03 1.017652540297156287e-02 1.658634492023673690e-02 3.745856051868318853e-02 1.736939493028670234e-01
