3.849683094537463505e+06 1.482816429631379151e+03 2.742457810062077897e+03 5.938133175352663784e+02 4.973682371712482109e+02 2.968035009444519687e+02 2.177906599142166613e+02 6.394169193557700481e+01 5.365003804849207114e+01 4.732227215262714282e+01 -1.347909119726695515e+01 1.230437606414935914e+01 8.655599475531943199e+00 3.281068618399511028e+00 2.120922282943475512e+00
1.482816429631379151e+03 1.463681302021478041e+04 6.895670242244503925e+02 6.734368326568334169e+02 4.884146039275523208e+02 3.072529730724521642e+02 1.796622586224942495e+02 1.000557375491353724e+02 5.047537607831773698e+01 2.199959211286655858e+01 8.389891782836617296e+00 3.429720241000949077e+00 1.356303256017184156e+00 5.610610309554542319e-01 2.297903265415389140e-01
2.742457810062077897e+03 6.895670242244503925e+02 7.233812025675505538e+03 5.802685036847101401e+02 4.467379464216762130e+02 2.970843540298175753e+02 1.729080719392319168e+02 9.435292392104075532e+01 4.870469094188704418e+01 2.019825592391057612e+01 9.094336152538968321e+00 3.357886599966213748e+00 7.918931791647431107e-01 4.777852381902224499e-01 2.131243917518396147e-01
5.938133175352663784e+02 6.734368326568334169e+02 5.802685036847101401e+02 3.205884593251171736e+03 4.010373170080471255e+02 2.673196949854132072e+02 1.560318580591584521e+02 8.611303843209036302e+01 4.366445679372784383e+01 1.912971875944746714e+01 8.254288708499899485e+00 2.817172152114274741e+00 1.113730953756365327e+00 5.723972680053571738e-01 1.195397278349638603e-01
4.973682371712482109e+02 4.884146039275523208e+02 4.467379464216762130e+02 4.010373170080471255e+02 1.183869686309762528e+03 2.245998583497521111e+02 1.342091570903833144e+02 7.357074000071763464e+01 3.747736340265403499e+01 1.613883376035227002e+01 7.044772559151486035e+00 2.691319738601037237e+00 1.129110862211946120e+00 4.718263749099302351e-01 1.950746212016143954e-01
2.968035009444519687e+02 3.072529730724521642e+02 2.970843540298175753e+02 2.673196949854132072e+02 2.245998583497521111e+02 5.095143532770762249e+02 1.033536316728997519e+02 5.786459193964267911e+01 2.953998857275738743e+01 1.382846668519500177e+01 5.623575478752299794e+00 2.357501296171246263e+00 1.025404037730075713e+00 3.881517867488641360e-01 2.041947483838316146e-01
2.177906599142166613e+02 1.796622586224942495e+02 1.729080719392319168e+02 1.560318580591584521e+02 1.342091570903833144e+02 1.033536316728997519e+02 2.184873453590149950e+02 4.071669895369096537e+01 2.120699598559880528e+01 9.852972222790421952e+00 4.199468612101997955e+00 1.727179298755679326e+00 7.440990388190070748e-01 3.052854710073141797e-01 1.578437933932536064e-01
6.394169193557700481e+01 1.000557375491353724e+02 9.435292392104075532e+01 8.611303843209036302e+01 7.357074000071763464e+01 5.786459193964267911e+01 4.071669895369096537e+01 9.108549439952761873e+01 1.347849274221848148e+01 6.469635008677089516e+00 2.773669999610954839e+00 1.231928984658752446e+00 5.098655042206015064e-01 2.117123610175803416e-01 1.088942032900470924e-01
5.365003804849207114e+01 5.047537607831773698e+01 4.870469094188704418e+01 4.366445679372784383e+01 3.747736340265403499e+01 2.953998857275738743e+01 2.120699598559880528e+01 1.347849274221848148e+01 3.574436531794810179e+01 4.084226687486297358e+00 1.722084835822958349e+00 7.612654791642550212e-01 3.074330974149058759e-01 1.366334430806510070e-01 6.576841749326958753e-02
4.732227215262714282e+01 2.199959211286655858e+01 2.019825592391057612e+01 1.912971875944746714e+01 1.613883376035227002e+01 1.382846668519500177e+01 9.852972222790421952e+00 6.469635008677089516e+00 4.084226687486297358e+00 1.392378816593594237e+01 1.158302563886040470e+00 4.736887195456210842e-01 2.152934618261896638e-01 9.464356598244662300e-02 3.854326333074335059e-02
-1.347909119726695515e+01 8.389891782836617296e+00 9.094336152538968321e+00 8.254288708499899485e+00 7.044772559151486035e+00 5.623575478752299794e+00 4.199468612101997955e+00 2.773669999610954839e+00 1.722084835822958349e+00 1.158302563886040470e+00 5.554170203674381412e+00 3.694652332939574180e-01 1.376554835069864202e-01 5.104923319315757269e-02 3.099422055835182599e-02
1.230437606414935914e+01 3.429720241000949077e+00 3.357886599966213748e+00 2.817172152114274741e+00 2.691319738601037237e+00 2.357501296171246263e+00 1.727179298755679326e+00 1.231928984658752446e+00 7.612654791642550212e-01 4.736887195456210842e-01 3.694652332939574180e-01 2.353413515396618916e+00 1.479409162054730054e-01 4.933452061437352404e-02 1.901358619323326171e-02
8.655599475531943199e+00 1.356303256017184156e+00 7.918931791647431107e-01 1.113730953756365327e+00 1.129110862211946120e+00 1.025404037730075713e+00 7.440990388190070748e-01 5.098655042206015064e-01 3.074330974149058759e-01 2.152934618261896638e-01 1.376554835069864202e-01 1.479409162054730054e-01 1.044720403993214308e+00 8.167780248398477660e-02 2.387990723105452504e-02
3.281068618399511028e+00 5.610610309554542319e-01 4.777852381902224499e-01 5.723972680053571738e-01 4.718263749099302351e-01 3.881517867488641360e-01 3.052854710073141797e-01 2.117123610175803416e-01 1.366334430806510070e-01 9.464356598244662300e-02 5.104923319315757269e-02 4.933452061437352404e-02 8.167780248398477660e-02 4.903059553209891952e-01 5.105007412531629984e-02
2.120922282943475512e+00 2.297903265415389140e-01 2.131243917518396147e-01 1.195397278349638603e-01 1.950746212016143954e-01 2.041947483838316146e-01 1.578437933932536064e-01 1.088942032900470924e-01 6.576841749326958753e-02 3.854326333074335059e-02 3.099422055835182599e-02 1.901358619323326171e-02 2.387990723105452504e-02 5.105007412531629984e-02 2.480460951962318306e-01
