8.442842472952770549e+03 2.016876014088513713e+01 1.652628392046457151e+01 1.121480697714666874e+01 5.516911276717439527e+00 -3.078573085055111846e+00 2.424807330503695901e+00 1.626324538632602179e+00 1.413044285913003018e+00 -7.084727455085988446e-01 -6.759054659982287327e-02 8.347017057833247544e-02 1.659820068823169778e-02 -2.383904010778056803e-02 -1.451597714312542406e-02
2.016876014088513713e+01 2.829121113995352516e+03 1.612059290140868129e+01 1.554045436937616032e+01 8.740535501393701168e+00 6.217718456562710827e+00 3.030415765153958052e+00 2.281332521734004970e-01 5.406126523857525748e-03 7.440975232987898647e-01 2.982870731270430009e-01 2.280572084329991062e-02 5.692172355794213739e-02 -5.686807376098228228e-02 -3.897685246938414894e-02
1.652628392046457151e+01 1.612059290140868129e+01 1.331791740993883195e+03 1.280858713182763076e+01 7.035710067509789667e+00 2.506164848531875045e+00 2.442359094566780797e+00 5.819871279453383561e-01 8.391906263277789657e-01 5.104412577675194740e-01 9.605346604529789445e-02 2.103439288201629578e-02 -5.646731337882527485e-02 1.504256806065654671e-02 2.440311899072012888e-02
1.121480697714666874e+01 1.554045436937616032e+01 1.280858713182763076e+01 5.480229622959296876e+02 4.496669038867655566e+00 3.018235906081443876e+00 1.127282696387006622e+00 2.826462532088059865e-01 6.495847058893405856e-01 2.228526651514413717e-02 3.218750031108642135e-02 -5.277729515225010326e-03 4.022233786192618010e-02 1.648033823748700638e-02 -2.263929243903492049e-03
5.516911276717439527e+00 8.740535501393701168e+00 7.035710067509789667e+00 4.496669038867655566e+00 2.072093472860130987e+02 1.721938868760735319e+00 1.079183115832231810e+00 7.655042589951103205e-01 5.742785409886095455e-02 7.632955367974607330e-02 9.219559066552982310e-03 -7.516986695172673573e-03 -1.387317836997867433e-02 2.184996263114114337e-02 2.245296805161161192e-03
-3.078573085055111846e+00 6.217718456562710827e+00 2.506164848531875045e+00 3.018235906081443876e+00 1.721938868760735319e+00 8.956950420732177065e+01 6.925844180015390261e-01 4.819716583526041376e-01 4.943692953522559053e-02 1.684662784098591715e-01 2.003976311515226830e-02 1.284207172612484779e-02 7.046903341233469627e-03 1.173690616473734537e-02 5.773204824343089979e-03
2.424807330503695901e+00 3.030415765153958052e+00 2.442359094566780797e+00 1.127282696387006622e+00 1.079183115832231810e+00 6.925844180015390261e-01 3.636362216844734263e+01 1.722453738531571910e-01 4.500426949281552402e-02 3.139116551582098874e-02 2.840446666044301946e-02 1.807364555325766467e-02 5.094330516663018137e-03 5.128384599010778200e-03 6.132763931380521595e-03
1.626324538632602179e+00 2.281332521734004970e-01 5.819871279453383561e-01 2.826462532088059865e-01 7.655042589951103205e-01 4.819716583526041376e-01 1.722453738531571910e-01 1.457348915169576209e+01 1.292975422334070590e-01 3.164965406121094532e-02 2.820728849281689890e-02 1.020923860288288840e-02 2.794135249577159828e-03 -3.003033405431812259e-03 1.568182385972394016e-03
1.413044285913003018e+00 5.406126523857525748e-03 8.391906263277789657e-01 6.495847058893405856e-01 5.742785409886095455e-02 4.943692953522559053e-02 4.500426949281552402e-02 1.292975422334070590e-01 6.133672928229016108e+00 4.139323876643040412e-02 1.096081950082506209e-02 -2.830362686384720224e-03 6.177998767896994772e-05 1.582696996897735341e-03 1.165623954977510228e-03
-7.084727455085988446e-01 7.440975232987898647e-01 5.104412577675194740e-01 2.228526651514413717e-02 7.632955367974607330e-02 1.684662784098591715e-01 3.139116551582098874e-02 3.164965406121094532e-02 4.139323876643040412e-02 2.471516935034559381e+00 2.509648849017879352e-02 9.248493178497282918e-03 -7.992886469730324343e-04 2.616093318819308951e-03 -4.745179167709639772e-04
-6.759054659982287327e-02 2.982870731270430009e-01 9.605346604529789445e-02 3.218750031108642135e-02 9.219559066552982310e-03 2.003976311515226830e-02 2.840446666044301946e-02 2.820728849281689890e-02 1.096081950082506209e-02 2.509648849017879352e-02 1.004112323272979390e+00 9.820804018280067382e-03 1.039761033905464965e-03 2.173655908259250827e-03 2.272127315961007228e-04
8.347017057833247544e-02 2.280572084329991062e-02 2.103439288201629578e-02 -5.277729515225010326e-03 -7.516986695172673573e-03 1.284207172612484779e-02 1.807364555325766467e-02 1.020923860288288840e-02 -2.830362686384720224e-03 9.248493178497282918e-03 9.820804018280067382e-03 4.241425960820225938e-01 6.762036862621397838e-03 1.735650287376116433e-03 9.481948979202216516e-04
1.659820068823169778e-02 5.692172355794213739e-02 -5.646731337882527485e-02 4.022233786192618010e-02 -1.387317836997867433e-02 7.046903341233469627e-03 5.094330516663018137e-03 2.794135249577159828e-03 6.177998767896994772e-05 -7.992886469730324343e-04 1.039761033905464965e-03 6.762036862621397838e-03 1.807243219385202826e-01 6.078273952627520627e-03 1.938819029329496560e-03
-2.383904010778056803e-02 -5.686807376098228228e-02 1.504256806065654671e-02 1.648033823748700638e-02 2.184996263114114337e-02 1.173690616473734537e-02 5.128384599010778200e-03 -3.003033405431812259e-03 1.582696996897735341e-03 2.616093318819308951e-03 2.173655908259250827e-03 1.735650287376116433e-03 6.078273952627520627e-03 7.995006617736052923e-02 5.448557285044119958e-03
-1.451597714312542406e-02 -3.897685246938414894e-02 2.440311899072012888e-02 -2.263929243903492049e-03 2.245296805161161192e-03 5.773204824343089979e-03 6.132763931380521595e-03 1.568182385972394016e-03 1.165623954977510228e-03 -4.745179167709639772e-04 2.272127315961007228e-04 9.481948979202216516e-04 1.938819029329496560e-03 5.448557285044119958e-03 3.858682062753245046e-02
