5.136771870253492125e+03 3.915406270544931289e+01 3.995546056789572020e+01 3.193180577352198668e+01 1.844509155379523690e+01 1.025620791145800226e+01 6.270455959405292212e+00 2.741856532675978730e+00 9.775316821747286333e-01 4.375730041533719139e-01 3.265854880778141789e-01 -8.811981457445981769e-02 1.020739216294701875e-03 1.190490217778034446e-02 -5.221592708902034891e-02
3.915406270544931289e+01 1.441557088947120519e+03 3.011118672495183901e+01 2.498189970194908582e+01 1.674540149597514826e+01 9.515972634222132243e+00 5.088578664933166351e+00 2.115093960979266718e+00 8.571058782075480220e-01 4.183439609683934912e-01 2.406940519042930771e-01 9.035262451548371765e-02 1.536126629157889313e-02 -3.044340904262588660e-02 2.192541603330180888e-02
3.995546056789572020e+01 3.011118672495183901e+01 6.177700210666625935e+02 2.346589872077221983e+01 1.479863086295675956e+01 8.559420276385226956e+00 4.742413766136101216e+00 2.270300678819228146e+00 1.223498470448703745e+00 4.610921891407231410e-01 8.975063369054082918e-02 4.749452313815435978e-02 6.102975939312174636e-02 2.537613065984003699e-02 1.666418429105191376e-02
3.193180577352198668e+01 2.498189970194908582e+01 2.346589872077221983e+01 2.719700464166728580e+02 1.254599853385941799e+01 7.637800760837307301e+00 4.114977853791253359e+00 1.996449285837135212e+00 9.499066735072992929e-01 3.994468864745577275e-01 1.289596374461253192e-01 4.328846134899168308e-02 2.952728533847557429e-02 6.398812214324361460e-03 -5.005731441735458351e-03
1.844509155379523690e+01 1.674540149597514826e+01 1.479863086295675956e+01 1.254599853385941799e+01 1.117716065733501836e+02 5.711652040636455041e+00 2.849397790320784551e+00 1.603369775084985571e+00 7.304440173250317248e-01 3.709691201323956355e-01 1.418582268056581830e-01 5.706638333203717384e-02 2.038337773174165798e-02 4.709161644652187437e-03 8.392396858365477538e-03
1.025620791145800226e+01 9.515972634222132243e+00 8.559420276385226956e+00 7.637800760837307301e+00 5.711652040636455041e+00 4.896954963247564052e+01 2.006820430993546456e+00 9.956634565531560233e-01 5.335535389618168978e-01 2.172298267339431432e-01 1.073323783333572368e-01 3.880278747201002659e-02 1.527264015164735839e-02 6.938296772344100180e-03 1.978162906788021296e-03
6.270455959405292212e+00 5.088578664933166351e+00 4.742413766136101216e+00 4.114977853791253359e+00 2.849397790320784551e+00 2.006820430993546456e+00 1.983290259576227754e+01 7.795228474265804008e-01 2.855099205328086587e-01 1.164836481775705368e-01 5.865160715877482112e-02 1.652039633736047605e-02 1.168489225676311305e-02 1.011931836132609532e-03 3.471563718401118100e-03
2.741856532675978730e+00 2.115093960979266718e+00 2.270300678819228146e+00 1.996449285837135212e+00 1.603369775084985571e+00 9.956634565531560233e-01 7.795228474265804008e-01 8.408151494186308028e+00 2.184704567149865495e-01 8.112228976341256947e-02 2.875318124494274236e-02 1.155815852799212465e-02 -1.387020189992809989e-03 3.639318892133304624e-03 9.959456496957375636e-04
9.775316821747286333e-01 8.571058782075480220e-01 1.223498470448703745e+00 9.499066735072992929e-01 7.304440173250317248e-01 5.335535389618168978e-01 2.855099205328086587e-01 2.184704567149865495e-01 3.422577990025503336e+00 9.580712473863756129e-02 3.571009182323901798e-02 9.605767366829203596e-03 4.823277477945584098e-03 2.050818796440459849e-03 2.032013465634140235e-03
4.375730041533719139e-01 4.183439609683934912e-01 4.610921891407231410e-01 3.994468864745577275e-01 3.709691201323956355e-01 2.172298267339431432e-01 1.164836481775705368e-01 8.112228976341256947e-02 9.580712473863756129e-02 1.429277119632497373e+00 3.919305031554413260e-02 1.059971502302431423e-02 1.994403860402648929e-03 1.404502857498892603e-03 7.152641402277447411e-04
3.265854880778141789e-01 2.406940519042930771e-01 8.975063369054082918e-02 1.289596374461253192e-01 1.418582268056581830e-01 1.073323783333572368e-01 5.865160715877482112e-02 2.875318124494274236e-02 3.571009182323901798e-02 3.919305031554413260e-02 5.995689695815127340e-01 1.826783545777641710e-02 5.657052259884270441e-03 1.197170287632627790e-03 7.730050078708030790e-04
-8.811981457445981769e-02 9.035262451548371765e-02 4.749452313815435978e-02 4.328846134899168308e-02 5.706638333203717384e-02 3.880278747201002659e-02 1.652039633736047605e-02 1.155815852799212465e-02 9.605767366829203596e-03 1.059971502302431423e-02 1.826783545777641710e-02 2.613914886718324282e-01 1.304469145014889794e-02 3.541922527500376144e-03 7.698944358874475809e-04
1.020739216294701875e-03 1.536126629157889313e-02 6.102975939312174636e-02 2.952728533847557429e-02 2.038337773174165798e-02 1.527264015164735839e-02 1.168489225676311305e-02 -1.387020189992809989e-03 4.823277477945584098e-03 1.994403860402648929e-03 5.657052259884270441e-03 1.304469145014889794e-02 1.181643659460213935e-01 9.156373759464741732e-03 2.696997689713568399e-03
1.190490217778034446e-02 -3.044340904262588660e-02 2.537613065984003699e-02 6.398812214324361460e-03 4.709161644652187437e-03 6.938296772344100180e-03 1.011931836132609532e-03 3.639318892133304624e-03 2.050818796440459849e-03 1.404502857498892603e-03 1.197170287632627790e-03 3.541922527500376144e-03 9.156373759464741732e-03 5.707069464934406977e-02 7.452175708963817459e-03
-5.221592708902034891e-02 2.192541603330180888e-02 1.666418429105191376e-02 -5.005731441735458351e-03 8.392396858365477538e-03 1.978162906788021296e-03 3.471563718401118100e-03 9.959456496957375636e-04 2.032013465634140235e-03 7.152641402277447411e-04 7.730050078708030790e-04 7.698944358874475809e-04 2.696997689713568399e-03 7.452175708963817459e-03 3.097475006273338327e-02
